3563536318
203679327
3771173074
AE897913 до 14
8CA24810 до 13
5ADFB59B до 14
585E5D4B
A6BFCD7B
74D09CFF
574322966
42956565
1822024359
3062576654
3266111889
94EAACDD
5C545BB0
9E86E685
60045771
984A27D8
921000683
3697918D до 9
4242071388
7E554FA8
4ADDE366
7AAF0318 до 11
4F250A8
CCBA857
C485FDD
1256761986
AA0EED6A
3605579573
3802B2B3
3836428163
CCD041B3
9A321919
675D52FB
FEB02D5B
4E0B862
819981671
3902856066
EC983B7E активируй пожалуйста
3969399678
2700382203
2EC5E368
AA63A0EF
AA0EED6A 
E2D77DB8
6D43545
6A791056
2609820D ключ
842166079
9EBFB4AF
2C1ABE5E
625B75BF
2663363759
D40792A1
ee82a94e
98149EB9
E4B6802D
4A61B01E
D8A2105F
52CB9B15
4C9F2A5A
E05A5BF2
B81CBB6A
87FCCA0
5647E175
2665276237
723CCE97
EE1282D2
4194998501
32F9F689
1587458458
DE4CC69E
9CAEAC19
783F117D
AD461A
1E4F9D5E
F8920292
E296E397
161CBBE0
5813DCED
740EEAE9       
CECA9215
C66278B8
3897172654
7047234D
8A038F18
EE2E97AA
4258A481
CBEF19F
FCCA5747
6A39D5B4
561D60FD Егор 
7E38FA12
E87B3D94
8AB8A5D
3E677B35
2E3ECDAC
3063174711
A8485307
2090931990
1486A0CC
4F250A8
2518082645
3289913365
608526077
2600449460 
3815BB83
2024532011
2024532011
1113105537
48B5B424
2024532011
3595880951
718978326
954683683
275038242
E4A5192C
1488002761 Активируй плз
1893988745
1581866029
784720744
2320143267
921412170
3758407253 
3336372289
3468981548
3190320248
209294382
235964950
1693115744
3860515716
641428782
240341383
2194517466
3659619520
3597272142
1038790011
1079794755
3494641198
3563549487
3255298226
2024532011
4177486922
812475545
383359726
675031950
3436200371
485059600
271809199
3941033039
79087027
2998962140
1176665987
2260076702
2254626022
609162353
1412074758
3055127356
1685071627
2855955792
3902868238
45709865
2423070188
3400040129
1444765949
4272958811
2221839750
3328007339
2221839750
3971719538
1855489866
781519711 
1250504731
4061493417
4242071388
921412170
1
1375814842
2793952205
1082224483
3702470132
1480685631 
1747658797
2857610585
1615462425
975408338
4068850812
245016097
1956455212
774782612
245016097
2551579492
250062079
1580904492
209570965
1691934756
1682540200
2349456813
2729960759 
1488904569
48002086
3634911632
3970681902
3192386126
138789115
2027362917 
2795002560 
2998591268 
2391509749
1491791136
111250872
273956502
3224185784
370981856
3398636798
3797025924
2887182278
1650161087
1622196073
616907326
876979475
3294028279    
3638953341
904468993
3337334869
1281153858
2823420624
449099400
3729853919
1143244045
13669252
1055968189
4075182044
1281153858
439712983
1187211395
2154205910
140592481
1778776748
3328342200
3695590596
3695590596
574639916
854620300
548856752
2858655983
1488413718
746144104
473734030
3498631678
1513418792
375746018
617585909
821215514 
4202705114
344730408 
109216833 
3267999486 
1592665036
3573311098
482453811
146842600
1118242216 
4197963548
2156778950
3328342200
2989058523
3602207869
4000124214
739950174
6167657
4066872196
3464968175
3202797584
2225283236
3826354205
3975638001
615579704
3394502998
3966279380
4029304569
Еще один
3263104392
2708723733
1117087077
2483145503
1
3136793452
2733295170
3457037199
1790624389
813516752

3000614689 
847111804
416449999
1115245249
276224288
1481228965
1422237573
813475545
3732782879
144071267 
3803582617
1021601652
2483277456
618294389
4262099046
2355230794
675332386
4171689796
3775772970
3328342200
1980382568
1075337927
2029478133 
3458185027
1315823726
980674477
916421743
146842600
3122795989
2729586736
3298701000
1956455212
2095434056
1143792344
3526302205
2455809539
807686256
1151931803
2791413022
142864809
3100495578
2124530558
3096528490
3328007339
4170475025
3393448443
979404277
851640800
1621052404
519443012
4242036480
3365097381
276224288
812624618
3661658791
303230774
3871070075
509225692
3975334321
405944471
2994398053
1682989538
873809743
2655042482
2089184233
36991895 
3070037005
648999639
451621510 
1049387513
884635541
1247916062
2024532011
3035352247
1420495290
272500192
922705443
1922896681
